epoch,time,train/box_loss,train/cls_loss,train/dfl_loss,metrics/precision(B),metrics/recall(B),metrics/mAP50(B),metrics/mAP50-95(B),val/box_loss,val/cls_loss,val/dfl_loss,lr/pg0,lr/pg1,lr/pg2
1,7.25582,2.34763,5.30493,1.48321,0,0,0,0,2.19492,5.12365,1.30862,1.491e-05,1.491e-05,1.491e-05
2,10.7661,2.21959,5.26202,1.39098,0,0,0,0,1.98453,5.06044,1.17193,3.18867e-05,3.18867e-05,3.18867e-05
3,14.1015,2.00914,5.12843,1.27883,0,0,0,0,1.79156,5.03048,1.10536,4.8796e-05,4.8796e-05,4.8796e-05
4,17.4357,1.9395,5.04574,1.21875,0,0,0,0,1.65417,4.96644,1.06286,6.56378e-05,6.56378e-05,6.56378e-05
5,20.8554,1.88112,4.84198,1.16683,0,0,0,0,1.55678,4.89952,1.02063,8.24121e-05,8.24121e-05,8.24121e-05
6,24.3916,1.75456,4.47824,1.12337,0.0638,0.07202,0.07228,0.06609,1.57529,4.81068,1.03417,9.91189e-05,9.91189e-05,9.91189e-05
7,27.9376,1.6467,4.16076,1.09305,0.36897,0.07407,0.08254,0.07456,1.56322,4.66029,1.03049,0.000115758,0.000115758,0.000115758
8,31.2139,1.60201,3.96135,1.0587,0.54425,0.07581,0.09017,0.07707,1.49344,4.2974,1.01953,0.00013233,0.00013233,0.00013233
9,34.5469,1.56647,3.72169,1.06079,0.69271,0.08541,0.14291,0.11709,1.48291,3.84609,1.01,0.000148835,0.000148835,0.000148835
10,37.8048,1.53436,3.61671,1.03879,0.7636,0.08638,0.19954,0.1532,1.48155,3.59688,1.01609,0.000165271,0.000165271,0.000165271
11,41.0739,1.49524,3.4328,1.05584,0.69058,0.13549,0.21676,0.16103,1.44572,3.28905,0.99851,0.000181641,0.000181641,0.000181641
12,44.3654,1.51829,3.30007,1.02933,0.72359,0.21805,0.22812,0.16556,1.39543,2.96051,0.98562,0.000197943,0.000197943,0.000197943
13,47.5992,1.466,3.16254,1.00872,0.77713,0.23577,0.23801,0.17246,1.29215,2.64485,0.96744,0.000207939,0.000207939,0.000207939
14,50.8398,1.40884,3.04605,1.01208,0.80007,0.24156,0.2535,0.18592,1.26588,2.44629,0.96682,0.000207517,0.000207517,0.000207517
15,54.1798,1.40576,2.91237,1.00987,0.84687,0.23248,0.28685,0.20571,1.24141,2.25803,0.95524,0.000207096,0.000207096,0.000207096
16,57.4363,1.37301,2.69949,1.00075,0.63838,0.37335,0.34951,0.25418,1.2386,2.11216,0.94829,0.000206674,0.000206674,0.000206674
17,60.7911,1.38132,2.45303,1.00828,0.63534,0.39427,0.37721,0.27108,1.21937,2.01335,0.95109,0.000206252,0.000206252,0.000206252
18,64.0804,1.35966,2.42676,0.97257,0.57615,0.43098,0.39299,0.28749,1.18186,1.93081,0.94501,0.00020583,0.00020583,0.00020583
19,67.4048,1.35812,2.43004,0.97609,0.6073,0.41972,0.41579,0.30977,1.16304,1.82806,0.93759,0.000205409,0.000205409,0.000205409
20,70.7931,1.33202,2.11654,1.00368,0.64222,0.4363,0.43097,0.31685,1.15795,1.70736,0.92956,0.000204987,0.000204987,0.000204987
21,74.1272,1.2976,2.06442,0.96764,0.6511,0.42429,0.45305,0.33929,1.16031,1.61138,0.93471,0.000204565,0.000204565,0.000204565
22,77.4231,1.31703,1.94701,0.96901,0.61826,0.49729,0.46938,0.35263,1.12044,1.53805,0.92619,0.000204143,0.000204143,0.000204143
23,81.2004,1.28975,1.9375,0.97652,0.66353,0.46398,0.48549,0.36985,1.05195,1.42078,0.91636,0.000203722,0.000203722,0.000203722
24,85.4734,1.26053,1.80676,0.95059,0.66119,0.46481,0.49382,0.38074,1.04708,1.41747,0.9152,0.0002033,0.0002033,0.0002033
25,89.118,1.28821,1.81365,0.96004,0.6943,0.4585,0.50131,0.39195,1.05463,1.47463,0.91969,0.000202878,0.000202878,0.000202878
26,92.3685,1.26163,1.68859,0.98688,0.70735,0.45634,0.51072,0.39963,1.06122,1.44498,0.92069,0.000202457,0.000202457,0.000202457
27,95.716,1.2503,1.69729,0.96059,0.70738,0.47654,0.51664,0.38872,1.09537,1.45467,0.92093,0.000202035,0.000202035,0.000202035
28,99.1096,1.19314,1.56261,0.94795,0.69496,0.46107,0.51874,0.40504,1.07486,1.42198,0.91779,0.000201613,0.000201613,0.000201613
29,102.568,1.19531,1.50124,0.94644,0.74569,0.45563,0.52243,0.40285,1.07444,1.37903,0.91744,0.000201191,0.000201191,0.000201191
30,105.836,1.20584,1.51271,0.94083,0.75227,0.45956,0.5366,0.41853,1.04375,1.33219,0.91427,0.00020077,0.00020077,0.00020077
31,109.146,1.17387,1.47823,0.9289,0.7782,0.48029,0.54898,0.41979,1.06033,1.3346,0.91264,0.000200348,0.000200348,0.000200348
32,112.51,1.16974,1.39928,0.93816,0.74578,0.49934,0.56869,0.42544,1.07937,1.26429,0.90978,0.000199926,0.000199926,0.000199926
33,115.788,1.20286,1.40458,0.93809,0.72963,0.5221,0.57803,0.4424,1.04118,1.21858,0.90546,0.000199504,0.000199504,0.000199504
34,119.121,1.18397,1.39144,0.94053,0.75467,0.54014,0.59239,0.45274,1.01499,1.17953,0.90506,0.000199083,0.000199083,0.000199083
35,122.429,1.18118,1.37765,0.9381,0.76612,0.54586,0.60635,0.44884,1.03644,1.16058,0.90348,0.000198661,0.000198661,0.000198661
36,125.777,1.163,1.3183,0.9378,0.78194,0.53663,0.62735,0.4744,1.03094,1.108,0.90161,0.000198239,0.000198239,0.000198239
37,129.03,1.13229,1.31157,0.9298,0.77899,0.53088,0.63088,0.48751,0.98061,1.07458,0.89637,0.000197817,0.000197817,0.000197817
38,132.312,1.14125,1.27297,0.94076,0.76069,0.56931,0.64086,0.48173,1.00067,1.07105,0.89349,0.000197396,0.000197396,0.000197396
39,135.54,1.10513,1.22571,0.93094,0.75357,0.62115,0.64813,0.48979,1.02452,1.04872,0.89935,0.000196974,0.000196974,0.000196974
40,138.857,1.12483,1.17436,0.9485,0.77209,0.60613,0.67254,0.4973,1.05822,0.99301,0.90471,0.000196552,0.000196552,0.000196552
41,142.114,1.15183,1.19181,0.94152,0.75996,0.57507,0.67718,0.51384,1.01018,0.96413,0.8936,0.00019613,0.00019613,0.00019613
42,145.432,1.10752,1.13496,0.92221,0.75154,0.5939,0.68,0.51625,1.05224,0.97337,0.89762,0.000195709,0.000195709,0.000195709
43,148.717,1.09526,1.15331,0.93006,0.73386,0.60706,0.6775,0.52081,1.00538,0.98517,0.88965,0.000195287,0.000195287,0.000195287
44,152.058,1.09459,1.14893,0.91674,0.84536,0.57773,0.68275,0.51778,0.98918,0.95182,0.8858,0.000194865,0.000194865,0.000194865
45,155.343,1.07822,1.11158,0.92086,0.91232,0.57828,0.68237,0.51732,0.99691,0.93948,0.88531,0.000194443,0.000194443,0.000194443
46,158.633,1.06538,1.09189,0.91307,0.90835,0.57069,0.6855,0.51646,0.99856,0.92635,0.88632,0.000194022,0.000194022,0.000194022
47,161.911,1.09793,1.11791,0.91769,0.87666,0.58164,0.68433,0.51166,1.02787,0.92023,0.89309,0.0001936,0.0001936,0.0001936
48,165.218,1.08462,1.11552,0.9127,0.8837,0.59135,0.70126,0.51951,0.98194,0.89081,0.8841,0.000193178,0.000193178,0.000193178
49,168.49,1.06334,1.0648,0.91151,0.88974,0.59383,0.70892,0.53137,0.9712,0.88549,0.87826,0.000192756,0.000192756,0.000192756
50,171.768,1.07842,1.04548,0.92048,0.8963,0.5818,0.701,0.53036,0.9897,0.8999,0.88292,0.000192335,0.000192335,0.000192335
51,175.025,1.08844,1.06285,0.91799,0.90854,0.58452,0.70023,0.53761,0.96178,0.8962,0.88563,0.000191913,0.000191913,0.000191913
52,178.263,1.06402,1.02736,0.9065,0.8931,0.59385,0.69666,0.52926,0.99628,0.92047,0.88973,0.000191491,0.000191491,0.000191491
53,181.497,1.03816,0.97653,0.90593,0.83944,0.58265,0.71562,0.54707,1.00414,0.93044,0.88855,0.00019107,0.00019107,0.00019107
54,184.756,1.04113,0.99643,0.91457,0.85753,0.59531,0.6917,0.52791,0.96639,0.9155,0.87695,0.000190648,0.000190648,0.000190648
55,188,1.0504,1.03117,0.91421,0.89128,0.58692,0.73421,0.5484,0.9599,0.87379,0.87579,0.000190226,0.000190226,0.000190226
56,191.362,1.0191,0.94836,0.91026,0.8982,0.59951,0.73302,0.55671,0.94819,0.84636,0.87725,0.000189804,0.000189804,0.000189804
57,194.739,1.04007,0.97018,0.90725,0.73921,0.70794,0.73566,0.55735,0.97595,0.83112,0.87719,0.000189383,0.000189383,0.000189383
58,198.05,1.04074,0.98335,0.90673,0.70364,0.70418,0.75972,0.56963,0.95793,0.80951,0.87166,0.000188961,0.000188961,0.000188961
59,201.362,0.98584,0.96291,0.90158,0.74739,0.70209,0.76771,0.57804,0.93808,0.79944,0.87221,0.000188539,0.000188539,0.000188539
60,204.673,1.0146,0.94492,0.8964,0.75875,0.68802,0.82455,0.59982,0.94024,0.80395,0.87501,0.000188117,0.000188117,0.000188117
61,208.05,1.02692,0.92145,0.9044,0.69186,0.72768,0.82784,0.60275,0.92064,0.79037,0.87177,0.000187696,0.000187696,0.000187696
62,211.369,1.04989,0.94701,0.90321,0.83562,0.69207,0.82331,0.59781,0.9389,0.78485,0.87373,0.000187274,0.000187274,0.000187274
63,214.637,1.02955,0.92228,0.90275,0.78623,0.68572,0.76364,0.58255,0.94485,0.79834,0.87592,0.000186852,0.000186852,0.000186852
64,217.92,0.99642,0.90071,0.90508,0.78983,0.6639,0.80297,0.59057,0.94177,0.80544,0.87588,0.00018643,0.00018643,0.00018643
65,221.208,1.0324,0.91534,0.90399,0.74821,0.68751,0.7966,0.59257,0.92862,0.79245,0.87274,0.000186009,0.000186009,0.000186009
66,224.499,1.02084,0.92991,0.896,0.72046,0.78978,0.80594,0.60126,0.93193,0.77443,0.87127,0.000185587,0.000185587,0.000185587
67,227.803,1.00546,0.89573,0.89385,0.76704,0.71391,0.81206,0.60206,0.9328,0.75016,0.87138,0.000185165,0.000185165,0.000185165
68,231.092,1.0032,0.87677,0.89552,0.75231,0.712,0.8173,0.60227,0.93281,0.74312,0.87132,0.000184743,0.000184743,0.000184743
69,234.339,0.94938,0.87188,0.89101,0.72858,0.79104,0.822,0.606,0.93891,0.75067,0.86903,0.000184322,0.000184322,0.000184322
70,237.598,1.0012,0.85125,0.905,0.71746,0.79711,0.82501,0.60253,0.95829,0.73884,0.87151,0.0001839,0.0001839,0.0001839
71,240.89,1.00504,0.86854,0.88868,0.76497,0.78821,0.81166,0.59846,0.93656,0.73003,0.87146,0.000183478,0.000183478,0.000183478
72,244.164,0.99398,0.87047,0.89716,0.75939,0.79157,0.80328,0.59309,0.9534,0.73009,0.87114,0.000183056,0.000183056,0.000183056
73,247.421,0.96681,0.82876,0.89335,0.77315,0.74692,0.82137,0.60371,0.91746,0.70466,0.86801,0.000182635,0.000182635,0.000182635
74,250.721,0.9613,0.82902,0.89249,0.82055,0.73666,0.84434,0.62248,0.90232,0.70905,0.86541,0.000182213,0.000182213,0.000182213
75,254.039,0.98324,0.83045,0.89421,0.7073,0.81261,0.86893,0.62606,0.96686,0.71978,0.87316,0.000181791,0.000181791,0.000181791
76,257.336,0.99474,0.86331,0.89846,0.83325,0.75462,0.84914,0.6174,0.93236,0.71442,0.86683,0.000181369,0.000181369,0.000181369
77,260.604,0.99334,0.82113,0.8908,0.8995,0.71361,0.8512,0.62759,0.92481,0.70519,0.86804,0.000180948,0.000180948,0.000180948
78,263.866,0.97779,0.82835,0.89275,0.88809,0.69528,0.8441,0.61506,0.92147,0.69885,0.86908,0.000180526,0.000180526,0.000180526
79,267.172,0.96759,0.82214,0.88582,0.87886,0.71728,0.83402,0.61129,0.90177,0.6925,0.86453,0.000180104,0.000180104,0.000180104
80,270.484,0.99203,0.80694,0.89199,0.8087,0.73324,0.8383,0.61772,0.90455,0.70595,0.86243,0.000179683,0.000179683,0.000179683
81,273.785,0.97407,0.82162,0.88788,0.74638,0.83073,0.84484,0.62852,0.89622,0.69048,0.862,0.000179261,0.000179261,0.000179261
82,277.093,0.98959,0.83545,0.89348,0.73938,0.84118,0.84258,0.62555,0.89423,0.66963,0.86444,0.000178839,0.000178839,0.000178839
83,280.364,0.98162,0.79068,0.89896,0.7342,0.83485,0.84619,0.62773,0.91447,0.67983,0.8673,0.000178417,0.000178417,0.000178417
84,283.597,0.98239,0.81192,0.89771,0.77058,0.7969,0.86904,0.64182,0.89982,0.67872,0.85879,0.000177996,0.000177996,0.000177996
85,286.95,0.97322,0.81326,0.88777,0.80699,0.79825,0.87328,0.64304,0.89428,0.68647,0.85791,0.000177574,0.000177574,0.000177574
86,290.201,0.95252,0.7868,0.88961,0.84914,0.77768,0.85085,0.63185,0.90506,0.6834,0.86612,0.000177152,0.000177152,0.000177152
87,293.439,0.96684,0.79412,0.89206,0.88894,0.74337,0.85272,0.64014,0.90086,0.65963,0.86075,0.00017673,0.00017673,0.00017673
88,296.819,0.96215,0.79026,0.88591,0.75317,0.84092,0.83877,0.6222,0.90368,0.66569,0.86107,0.000176309,0.000176309,0.000176309
89,300.113,0.96074,0.78897,0.90469,0.74187,0.82945,0.85309,0.63194,0.90524,0.67577,0.86321,0.000175887,0.000175887,0.000175887
90,303.434,0.9382,0.789,0.89135,0.88028,0.73011,0.85252,0.63027,0.90454,0.68037,0.86008,0.000175465,0.000175465,0.000175465
91,306.687,0.92645,0.7616,0.87883,0.85137,0.72539,0.83256,0.61239,0.90547,0.67751,0.8607,0.000175043,0.000175043,0.000175043
92,310.035,0.96168,0.76398,0.88705,0.86684,0.73698,0.83444,0.62079,0.88284,0.66752,0.85844,0.000174622,0.000174622,0.000174622
93,313.388,0.9577,0.77104,0.88888,0.86689,0.76485,0.84997,0.63821,0.88589,0.65226,0.8604,0.0001742,0.0001742,0.0001742
94,316.826,0.93562,0.7701,0.88616,0.8725,0.76726,0.85063,0.63238,0.88939,0.65983,0.8586,0.000173778,0.000173778,0.000173778
95,320.475,0.93661,0.74873,0.8818,0.89807,0.76958,0.87364,0.65613,0.87616,0.6656,0.85477,0.000173356,0.000173356,0.000173356
96,324.132,0.95226,0.76469,0.87825,0.76338,0.82617,0.86197,0.64094,0.88337,0.67989,0.85647,0.000172935,0.000172935,0.000172935
97,327.839,0.91688,0.73772,0.88285,0.8874,0.76909,0.85512,0.63229,0.87989,0.65848,0.85766,0.000172513,0.000172513,0.000172513
98,331.443,0.95409,0.74961,0.88761,0.87517,0.77828,0.83592,0.60947,0.88694,0.64992,0.85642,0.000172091,0.000172091,0.000172091
99,334.992,0.95372,0.7497,0.89443,0.89646,0.7387,0.82904,0.6155,0.89138,0.64073,0.85679,0.000171669,0.000171669,0.000171669
100,338.493,0.92707,0.74422,0.88607,0.91423,0.71124,0.81027,0.59855,0.91138,0.66175,0.86076,0.000171248,0.000171248,0.000171248
101,342.214,0.94382,0.7486,0.88529,0.89314,0.73459,0.81416,0.59492,0.94278,0.67798,0.86592,0.000170826,0.000170826,0.000170826
102,345.919,0.95272,0.76667,0.88196,0.9088,0.72094,0.8202,0.6059,0.89498,0.66173,0.85886,0.000170404,0.000170404,0.000170404
103,349.486,0.97089,0.75802,0.87553,0.93384,0.73524,0.82892,0.61642,0.91673,0.65266,0.86331,0.000169983,0.000169983,0.000169983
104,352.991,0.94028,0.73724,0.88994,0.92596,0.73794,0.84,0.62604,0.88864,0.63597,0.86135,0.000169561,0.000169561,0.000169561
105,356.708,0.94307,0.73407,0.89287,0.92683,0.73907,0.84954,0.62885,0.88586,0.62391,0.86144,0.000169139,0.000169139,0.000169139
106,360.478,0.95889,0.75059,0.8865,0.85818,0.74717,0.84984,0.63686,0.88398,0.63905,0.86137,0.000168717,0.000168717,0.000168717
107,364.036,0.95722,0.74734,0.88767,0.87513,0.77946,0.87002,0.65742,0.90074,0.64167,0.86606,0.000168296,0.000168296,0.000168296
108,367.509,0.92812,0.72529,0.88003,0.86713,0.79003,0.8584,0.64249,0.88022,0.62224,0.86283,0.000167874,0.000167874,0.000167874
109,370.895,0.95086,0.72077,0.88442,0.73705,0.83487,0.85583,0.63925,0.87798,0.61249,0.85996,0.000167452,0.000167452,0.000167452
110,374.304,0.90528,0.69899,0.88279,0.78723,0.87215,0.87321,0.64793,0.91245,0.62919,0.86048,0.00016703,0.00016703,0.00016703
111,377.744,0.91688,0.73237,0.8712,0.86036,0.81777,0.87477,0.65639,0.8908,0.63078,0.85807,0.000166609,0.000166609,0.000166609
112,381.361,0.9334,0.7251,0.88425,0.83747,0.85438,0.87044,0.64988,0.88527,0.62429,0.85814,0.000166187,0.000166187,0.000166187
113,385.121,0.93075,0.73305,0.88511,0.79537,0.83403,0.88449,0.66534,0.8955,0.62674,0.8585,0.000165765,0.000165765,0.000165765
114,388.612,0.91889,0.71086,0.87987,0.80137,0.85757,0.86661,0.64733,0.8965,0.62872,0.85883,0.000165343,0.000165343,0.000165343
115,391.999,0.93408,0.73253,0.88228,0.79941,0.87137,0.87263,0.64912,0.87893,0.62356,0.85536,0.000164922,0.000164922,0.000164922
116,395.5,0.94382,0.73596,0.88165,0.77548,0.87058,0.88223,0.6673,0.88284,0.62209,0.85571,0.0001645,0.0001645,0.0001645
117,399.001,0.91085,0.70257,0.88047,0.74381,0.90318,0.88375,0.6697,0.90088,0.62205,0.8596,0.000164078,0.000164078,0.000164078
118,402.404,0.91786,0.72012,0.8898,0.77818,0.86957,0.87418,0.65679,0.88774,0.61086,0.85541,0.000163656,0.000163656,0.000163656
119,405.794,0.9036,0.70611,0.88133,0.70092,0.87701,0.86898,0.65655,0.89178,0.62173,0.85595,0.000163235,0.000163235,0.000163235
120,409.223,0.90417,0.71235,0.87484,0.6941,0.82527,0.82959,0.63187,0.94607,0.65009,0.86442,0.000162813,0.000162813,0.000162813
121,412.551,0.90494,0.71135,0.87907,0.72481,0.8703,0.87402,0.65464,0.88825,0.625,0.85937,0.000162391,0.000162391,0.000162391
122,415.938,0.9048,0.71762,0.87978,0.75108,0.87985,0.87329,0.64223,0.88428,0.61774,0.86114,0.000161969,0.000161969,0.000161969
123,419.282,0.92659,0.70434,0.88679,0.71484,0.89138,0.89518,0.66601,0.8973,0.62597,0.86297,0.000161548,0.000161548,0.000161548
124,422.487,0.89381,0.69849,0.87879,0.74558,0.90445,0.90601,0.67253,0.89959,0.62007,0.85926,0.000161126,0.000161126,0.000161126
125,425.809,0.91157,0.69589,0.87943,0.94742,0.74161,0.8903,0.66353,0.88884,0.62924,0.85726,0.000160704,0.000160704,0.000160704
126,429.147,0.88463,0.67716,0.87321,0.6872,0.90304,0.86995,0.65285,0.88207,0.63529,0.85781,0.000160282,0.000160282,0.000160282
127,432.428,0.90552,0.69591,0.87152,0.90027,0.77969,0.86039,0.64374,0.90402,0.64317,0.86062,0.000159861,0.000159861,0.000159861
128,435.692,0.89029,0.71684,0.87794,0.90986,0.77305,0.86354,0.64747,0.8953,0.64033,0.85948,0.000159439,0.000159439,0.000159439
129,438.948,0.90614,0.68347,0.878,0.74821,0.8758,0.88445,0.66723,0.87185,0.62573,0.85523,0.000159017,0.000159017,0.000159017
130,442.24,0.89156,0.69109,0.87521,0.86521,0.83087,0.90411,0.67354,0.9008,0.62783,0.85614,0.000158596,0.000158596,0.000158596
131,445.558,0.9022,0.69685,0.87704,0.76603,0.87138,0.90789,0.6807,0.8761,0.60487,0.85193,0.000158174,0.000158174,0.000158174
132,448.847,0.92292,0.69841,0.86653,0.76462,0.90815,0.91625,0.68508,0.89579,0.61065,0.85522,0.000157752,0.000157752,0.000157752
133,452.143,0.928,0.69783,0.88342,0.74351,0.94352,0.9172,0.68073,0.91859,0.63013,0.85842,0.00015733,0.00015733,0.00015733
134,455.409,0.88802,0.68449,0.87193,0.7553,0.94597,0.91162,0.67973,0.89286,0.6383,0.8572,0.000156909,0.000156909,0.000156909
135,458.644,0.89323,0.66101,0.86983,0.7598,0.90634,0.90865,0.6798,0.88959,0.65016,0.85416,0.000156487,0.000156487,0.000156487
136,461.969,0.90439,0.71006,0.87007,0.73788,0.91252,0.88091,0.66277,0.88149,0.6329,0.85219,0.000156065,0.000156065,0.000156065
137,465.307,0.90217,0.67826,0.87416,0.75664,0.91442,0.87618,0.66392,0.87268,0.61317,0.85422,0.000155643,0.000155643,0.000155643
138,468.566,0.87309,0.67546,0.8774,0.77149,0.914,0.88462,0.66093,0.88169,0.6072,0.8542,0.000155222,0.000155222,0.000155222
139,471.875,0.91724,0.68624,0.87757,0.73303,0.91827,0.90289,0.68323,0.87339,0.60892,0.85232,0.0001548,0.0001548,0.0001548
140,475.221,0.88817,0.67162,0.87708,0.73251,0.89236,0.89209,0.66061,0.90124,0.6172,0.85371,0.000154378,0.000154378,0.000154378
141,478.679,0.92185,0.70494,0.8763,0.95795,0.74434,0.88777,0.65814,0.8639,0.60732,0.84966,0.000153956,0.000153956,0.000153956
142,482.132,0.91729,0.68899,0.88338,0.95372,0.74994,0.86944,0.65893,0.87858,0.60839,0.85359,0.000153535,0.000153535,0.000153535
143,485.616,0.88408,0.67443,0.86874,0.95083,0.73895,0.8633,0.64762,0.88321,0.62239,0.8532,0.000153113,0.000153113,0.000153113
144,488.996,0.89359,0.66612,0.87735,0.76632,0.85187,0.86943,0.65451,0.88633,0.63203,0.85297,0.000152691,0.000152691,0.000152691
145,492.45,0.88731,0.67195,0.87061,0.74678,0.86579,0.88954,0.67041,0.87978,0.61428,0.84878,0.000152269,0.000152269,0.000152269
146,496.037,0.87113,0.66663,0.87558,0.75273,0.88399,0.88894,0.67166,0.86515,0.60547,0.84654,0.000151848,0.000151848,0.000151848
147,499.484,0.86875,0.65741,0.86597,0.77104,0.88863,0.88524,0.66531,0.888,0.60083,0.84879,0.000151426,0.000151426,0.000151426
148,502.889,0.88801,0.67741,0.86756,0.77298,0.89313,0.9023,0.68371,0.8672,0.58749,0.8479,0.000151004,0.000151004,0.000151004
149,506.351,0.87035,0.6506,0.87698,0.77519,0.89459,0.9109,0.69209,0.86809,0.59089,0.84872,0.000150582,0.000150582,0.000150582
150,509.86,0.89809,0.67236,0.87904,0.77019,0.87715,0.89487,0.66886,0.90493,0.60591,0.85027,0.000150161,0.000150161,0.000150161
151,513.286,0.87862,0.65735,0.88139,0.7638,0.84629,0.88492,0.66977,0.87906,0.60571,0.84819,0.000149739,0.000149739,0.000149739
152,516.725,0.88146,0.66876,0.87254,0.79805,0.88577,0.90309,0.6766,0.86938,0.60463,0.84863,0.000149317,0.000149317,0.000149317
153,520.168,0.89254,0.66643,0.87259,0.80307,0.88943,0.9054,0.67741,0.88842,0.61069,0.85319,0.000148896,0.000148896,0.000148896
154,523.651,0.87879,0.66253,0.868,0.79747,0.87161,0.90414,0.6746,0.88501,0.60378,0.85182,0.000148474,0.000148474,0.000148474
155,527.069,0.85913,0.64726,0.87689,0.80013,0.86037,0.90566,0.67752,0.86921,0.58561,0.85043,0.000148052,0.000148052,0.000148052
156,530.616,0.86236,0.64327,0.87057,0.79388,0.85599,0.90282,0.68107,0.86483,0.58809,0.84969,0.00014763,0.00014763,0.00014763
157,534.069,0.86887,0.65673,0.87105,0.81382,0.85503,0.89872,0.6686,0.89311,0.61234,0.85183,0.000147209,0.000147209,0.000147209
158,537.572,0.86324,0.64336,0.86771,0.80398,0.85358,0.89468,0.67655,0.88086,0.60908,0.85061,0.000146787,0.000146787,0.000146787
159,540.915,0.88011,0.65234,0.86791,0.77647,0.85647,0.89776,0.67405,0.88624,0.60661,0.8516,0.000146365,0.000146365,0.000146365
160,544.345,0.87301,0.6452,0.87016,0.80383,0.88981,0.91118,0.68596,0.87307,0.59937,0.84914,0.000145943,0.000145943,0.000145943
161,547.778,0.87395,0.65223,0.87167,0.79096,0.90405,0.90555,0.67795,0.87932,0.59744,0.84814,0.000145522,0.000145522,0.000145522
162,551.173,0.82886,0.62671,0.87004,0.78047,0.90817,0.89397,0.67213,0.87923,0.58885,0.84958,0.0001451,0.0001451,0.0001451
163,554.541,0.85497,0.63408,0.8704,0.77106,0.93721,0.90419,0.67519,0.88407,0.57988,0.85069,0.000144678,0.000144678,0.000144678
164,557.9,0.86364,0.63727,0.86832,0.78914,0.93315,0.90324,0.67779,0.88615,0.59263,0.84994,0.000144256,0.000144256,0.000144256
165,561.208,0.85266,0.63649,0.8697,0.78133,0.92582,0.90289,0.67221,0.87384,0.58639,0.848,0.000143835,0.000143835,0.000143835
166,564.585,0.8841,0.63613,0.8549,0.75617,0.91499,0.89574,0.67121,0.87023,0.59006,0.84892,0.000143413,0.000143413,0.000143413
167,567.886,0.88097,0.63891,0.86905,0.77798,0.8966,0.90579,0.67889,0.86332,0.59692,0.84922,0.000142991,0.000142991,0.000142991
168,571.145,0.89073,0.65083,0.86818,0.76642,0.91456,0.90525,0.6832,0.86206,0.59205,0.84857,0.000142569,0.000142569,0.000142569
169,574.422,0.88504,0.64731,0.868,0.77312,0.90016,0.92234,0.68935,0.8733,0.58977,0.8482,0.000142148,0.000142148,0.000142148
170,577.673,0.87711,0.64864,0.87297,0.81147,0.89087,0.91989,0.69422,0.88234,0.59718,0.8497,0.000141726,0.000141726,0.000141726
171,580.937,0.85978,0.63721,0.86826,0.77658,0.90503,0.90431,0.68099,0.87214,0.59921,0.84851,0.000141304,0.000141304,0.000141304
172,584.18,0.86361,0.64522,0.86553,0.77672,0.91497,0.89298,0.6678,0.88092,0.60882,0.85194,0.000140882,0.000140882,0.000140882
173,587.425,0.87174,0.644,0.86429,0.79042,0.90137,0.89388,0.66845,0.88495,0.60854,0.85265,0.000140461,0.000140461,0.000140461
174,590.789,0.87364,0.63701,0.8615,0.78535,0.88945,0.91014,0.69073,0.882,0.60684,0.84995,0.000140039,0.000140039,0.000140039
175,594.24,0.87723,0.64251,0.86381,0.78039,0.89719,0.91331,0.6868,0.86059,0.60298,0.84764,0.000139617,0.000139617,0.000139617
176,597.802,0.88478,0.64641,0.87464,0.72535,0.90405,0.89161,0.67157,0.88287,0.60101,0.84785,0.000139196,0.000139196,0.000139196
177,601.288,0.87145,0.64182,0.86038,0.7368,0.89515,0.89296,0.67481,0.88632,0.58947,0.84964,0.000138774,0.000138774,0.000138774
178,604.8,0.86122,0.64405,0.86988,0.78902,0.89592,0.89328,0.67307,0.86794,0.58956,0.84669,0.000138352,0.000138352,0.000138352
179,608.322,0.83774,0.62321,0.86686,0.85419,0.81908,0.8927,0.66769,0.86776,0.59465,0.84745,0.00013793,0.00013793,0.00013793
180,611.778,0.84741,0.63901,0.86681,0.85905,0.81728,0.89286,0.66949,0.86821,0.60356,0.84776,0.000137509,0.000137509,0.000137509
181,615.194,0.84674,0.62621,0.86361,0.78825,0.87741,0.896,0.67399,0.88069,0.59642,0.849,0.000137087,0.000137087,0.000137087
182,618.579,0.86249,0.62463,0.86704,0.75221,0.90815,0.89517,0.67569,0.86635,0.58042,0.849,0.000136665,0.000136665,0.000136665
183,621.957,0.86283,0.62283,0.86303,0.78099,0.88478,0.89883,0.67759,0.87445,0.58356,0.85033,0.000136243,0.000136243,0.000136243
184,625.358,0.85387,0.61746,0.85849,0.76458,0.91115,0.91002,0.68272,0.86495,0.58645,0.84984,0.000135822,0.000135822,0.000135822
185,628.734,0.83082,0.60968,0.85891,0.78495,0.90207,0.91466,0.68703,0.85021,0.57757,0.84719,0.0001354,0.0001354,0.0001354
186,632.147,0.86507,0.62966,0.8682,0.78118,0.91194,0.91334,0.68711,0.86457,0.57941,0.84939,0.000134978,0.000134978,0.000134978
187,635.659,0.86838,0.64173,0.86419,0.79237,0.90591,0.90839,0.67739,0.86788,0.58722,0.84878,0.000134556,0.000134556,0.000134556
188,639.167,0.85404,0.62709,0.86708,0.78644,0.89341,0.88743,0.67124,0.86693,0.58445,0.84779,0.000134135,0.000134135,0.000134135
189,642.594,0.86914,0.63042,0.86664,0.7884,0.8819,0.89621,0.67046,0.89855,0.57821,0.85037,0.000133713,0.000133713,0.000133713
190,646.085,0.84722,0.62873,0.86687,0.77972,0.90551,0.89583,0.67848,0.87036,0.5814,0.84669,0.000133291,0.000133291,0.000133291
191,649.676,0.87101,0.63762,0.85921,0.78551,0.89168,0.8948,0.66884,0.91971,0.60396,0.85366,0.000132869,0.000132869,0.000132869
192,653.08,0.87959,0.62062,0.86629,0.77981,0.88252,0.8959,0.6763,0.89075,0.60424,0.85097,0.000132448,0.000132448,0.000132448
193,656.425,0.84452,0.61906,0.86482,0.76898,0.87626,0.89504,0.66736,0.87223,0.57938,0.846,0.000132026,0.000132026,0.000132026
194,659.886,0.88548,0.62048,0.87183,0.77631,0.88681,0.89542,0.66611,0.86646,0.57604,0.84572,0.000131604,0.000131604,0.000131604
195,663.358,0.86578,0.62551,0.85931,0.77765,0.8937,0.91679,0.68014,0.90594,0.58902,0.84958,0.000131182,0.000131182,0.000131182
196,666.809,0.85876,0.62287,0.86252,0.77257,0.88675,0.91293,0.6804,0.90098,0.59248,0.85184,0.000130761,0.000130761,0.000130761
197,670.219,0.86633,0.61272,0.86303,0.84334,0.8445,0.91911,0.68722,0.86517,0.57667,0.84954,0.000130339,0.000130339,0.000130339
198,673.614,0.85042,0.62446,0.86421,0.83964,0.8642,0.91948,0.68183,0.88711,0.58105,0.84924,0.000129917,0.000129917,0.000129917
199,677.162,0.86932,0.63221,0.86851,0.82421,0.88247,0.91859,0.68276,0.89112,0.57896,0.84839,0.000129495,0.000129495,0.000129495
200,680.577,0.83672,0.61632,0.87017,0.83994,0.88201,0.91425,0.68428,0.87774,0.57292,0.84811,0.000129074,0.000129074,0.000129074
201,683.929,0.82376,0.61578,0.86459,0.9274,0.80112,0.91207,0.69355,0.85841,0.56676,0.8464,0.000128652,0.000128652,0.000128652
202,687.27,0.84639,0.60705,0.867,0.80731,0.88329,0.91875,0.68642,0.87741,0.57433,0.84718,0.00012823,0.00012823,0.00012823
203,690.606,0.82884,0.6022,0.87016,0.78408,0.89639,0.92989,0.69366,0.8849,0.57868,0.84754,0.000127809,0.000127809,0.000127809
204,694.095,0.82714,0.61329,0.85612,0.78839,0.89686,0.92026,0.6903,0.8572,0.56871,0.84436,0.000127387,0.000127387,0.000127387
205,697.51,0.84139,0.60117,0.85818,0.79443,0.89979,0.91602,0.69099,0.85168,0.56379,0.84376,0.000126965,0.000126965,0.000126965
206,700.921,0.86059,0.63216,0.85995,0.79489,0.89452,0.91627,0.68786,0.84442,0.559,0.84269,0.000126543,0.000126543,0.000126543
207,704.379,0.85258,0.61546,0.86206,0.78638,0.89572,0.91553,0.69588,0.85457,0.57076,0.84491,0.000126122,0.000126122,0.000126122
208,707.782,0.82823,0.60343,0.86549,0.78265,0.89473,0.91589,0.67856,0.86723,0.58229,0.8453,0.0001257,0.0001257,0.0001257
209,711.357,0.83603,0.61018,0.86351,0.77702,0.89215,0.91976,0.69019,0.84985,0.5736,0.84548,0.000125278,0.000125278,0.000125278
210,714.825,0.82513,0.60965,0.86171,0.91282,0.80331,0.91572,0.6886,0.85424,0.5779,0.84413,0.000124856,0.000124856,0.000124856
211,718.228,0.82346,0.59826,0.85839,0.91398,0.80198,0.92214,0.68456,0.88446,0.58974,0.84902,0.000124435,0.000124435,0.000124435
212,721.605,0.83427,0.59858,0.86599,0.9117,0.80228,0.92331,0.70406,0.85687,0.58369,0.84683,0.000124013,0.000124013,0.000124013
213,725.098,0.82883,0.59623,0.85744,0.77636,0.89464,0.92693,0.69468,0.85862,0.56479,0.84663,0.000123591,0.000123591,0.000123591
214,728.586,0.83848,0.6028,0.87087,0.80016,0.90624,0.9203,0.68394,0.88452,0.56733,0.84692,0.000123169,0.000123169,0.000123169
215,732.083,0.83686,0.60588,0.86404,0.81182,0.90268,0.91997,0.68444,0.86592,0.56615,0.84552,0.000122748,0.000122748,0.000122748
216,735.636,0.82903,0.608,0.85978,0.82325,0.85659,0.92342,0.69314,0.86888,0.56905,0.8461,0.000122326,0.000122326,0.000122326
217,739.008,0.82567,0.61084,0.85795,0.76188,0.91372,0.92042,0.69184,0.86596,0.57716,0.84697,0.000121904,0.000121904,0.000121904
218,742.414,0.82428,0.5948,0.86532,0.75937,0.90455,0.91908,0.69161,0.87268,0.57472,0.84704,0.000121482,0.000121482,0.000121482
219,745.862,0.85225,0.61643,0.85777,0.78755,0.89644,0.91536,0.69848,0.86932,0.5642,0.84925,0.000121061,0.000121061,0.000121061
220,749.21,0.82595,0.60387,0.86224,0.7485,0.9039,0.91715,0.69543,0.86644,0.55865,0.8463,0.000120639,0.000120639,0.000120639
221,752.622,0.81652,0.59108,0.86142,0.75055,0.9036,0.91893,0.69759,0.86475,0.56852,0.84576,0.000120217,0.000120217,0.000120217
222,756.002,0.81653,0.59741,0.86103,0.79132,0.90092,0.9232,0.69418,0.87953,0.57658,0.84632,0.000119795,0.000119795,0.000119795
223,759.42,0.82244,0.60241,0.85638,0.78693,0.90509,0.92214,0.69679,0.86148,0.57356,0.8454,0.000119374,0.000119374,0.000119374
224,762.79,0.81529,0.59103,0.86366,0.78952,0.90301,0.91889,0.69428,0.85781,0.57575,0.84498,0.000118952,0.000118952,0.000118952
225,766.358,0.83292,0.58945,0.8509,0.78979,0.8976,0.90963,0.67585,0.89199,0.58022,0.84941,0.00011853,0.00011853,0.00011853
226,769.817,0.82188,0.58961,0.85865,0.93105,0.80279,0.90824,0.67883,0.87915,0.57874,0.84815,0.000118108,0.000118108,0.000118108
227,773.269,0.8261,0.59688,0.86197,0.92326,0.8019,0.91023,0.69062,0.85956,0.56509,0.84586,0.000117687,0.000117687,0.000117687
228,776.694,0.82232,0.59191,0.85885,0.92397,0.79857,0.91219,0.68694,0.86321,0.57748,0.84518,0.000117265,0.000117265,0.000117265
229,780.1,0.81074,0.58054,0.85776,0.80039,0.89241,0.91194,0.68291,0.88328,0.58262,0.84713,0.000116843,0.000116843,0.000116843
230,783.585,0.83216,0.6053,0.86527,0.82959,0.86722,0.91703,0.69426,0.84972,0.56335,0.84392,0.000116422,0.000116422,0.000116422
231,787.011,0.82635,0.58897,0.86352,0.81015,0.90825,0.91998,0.6916,0.86041,0.55556,0.84466,0.000116,0.000116,0.000116
232,790.563,0.81394,0.58695,0.87087,0.81111,0.90411,0.91931,0.68731,0.86134,0.56062,0.84584,0.000115578,0.000115578,0.000115578
233,793.912,0.82291,0.59545,0.85771,0.80702,0.90283,0.9144,0.68445,0.8767,0.5621,0.84872,0.000115156,0.000115156,0.000115156
234,797.308,0.8257,0.59194,0.85107,0.79661,0.90451,0.91632,0.68545,0.86088,0.55608,0.84705,0.000114735,0.000114735,0.000114735
235,800.802,0.83465,0.60262,0.85737,0.92463,0.80248,0.90177,0.67594,0.86857,0.56799,0.84712,0.000114313,0.000114313,0.000114313
236,804.265,0.83802,0.60678,0.85384,0.92782,0.80476,0.90363,0.67964,0.85014,0.56757,0.84388,0.000113891,0.000113891,0.000113891
237,807.607,0.814,0.59134,0.86043,0.92719,0.80372,0.89744,0.68093,0.85248,0.57388,0.84362,0.000113469,0.000113469,0.000113469
238,810.962,0.81466,0.59172,0.85448,0.92574,0.80289,0.89928,0.67745,0.85876,0.58304,0.84414,0.000113048,0.000113048,0.000113048
239,814.418,0.80479,0.58129,0.85566,0.93091,0.80097,0.89986,0.6822,0.85707,0.5782,0.8451,0.000112626,0.000112626,0.000112626
240,817.854,0.79784,0.57427,0.8559,0.77575,0.8976,0.89849,0.68668,0.85138,0.57339,0.84572,0.000112204,0.000112204,0.000112204
241,821.32,0.79518,0.5737,0.86585,0.81017,0.89003,0.90281,0.68991,0.85227,0.57367,0.84605,0.000111782,0.000111782,0.000111782
242,824.661,0.80304,0.58924,0.86054,0.80982,0.89233,0.90082,0.67591,0.87139,0.58817,0.84833,0.000111361,0.000111361,0.000111361
243,827.908,0.80386,0.57396,0.86452,0.80969,0.85522,0.90277,0.67943,0.85541,0.58668,0.8459,0.000110939,0.000110939,0.000110939
244,831.235,0.82098,0.58655,0.86056,0.80442,0.85636,0.90605,0.68187,0.86253,0.58441,0.84697,0.000110517,0.000110517,0.000110517
245,834.632,0.8198,0.5847,0.8616,0.81017,0.85801,0.90402,0.66896,0.88854,0.58954,0.85105,0.000110095,0.000110095,0.000110095
246,838.048,0.82337,0.58859,0.86237,0.81486,0.89355,0.90214,0.67816,0.86576,0.57497,0.84829,0.000109674,0.000109674,0.000109674
247,841.428,0.80235,0.57861,0.867,0.93036,0.80372,0.89931,0.67661,0.85982,0.5573,0.84523,0.000109252,0.000109252,0.000109252
248,844.833,0.84365,0.58974,0.85849,0.93542,0.80193,0.91661,0.68123,0.87743,0.56854,0.845,0.00010883,0.00010883,0.00010883
249,848.198,0.79879,0.58618,0.8584,0.94088,0.79859,0.92164,0.67623,0.89904,0.57522,0.84663,0.000108408,0.000108408,0.000108408
250,851.532,0.81139,0.58405,0.86394,0.81071,0.88789,0.92557,0.68325,0.875,0.57409,0.84392,0.000107987,0.000107987,0.000107987
251,854.914,0.81265,0.57426,0.85395,0.80013,0.89386,0.93232,0.69313,0.85862,0.56043,0.8439,0.000107565,0.000107565,0.000107565
252,858.487,0.79948,0.57168,0.85772,0.78625,0.90574,0.92141,0.68934,0.85391,0.55678,0.84364,0.000107143,0.000107143,0.000107143
253,861.937,0.8112,0.59276,0.85943,0.78792,0.88663,0.9214,0.69434,0.84476,0.55124,0.8409,0.000106722,0.000106722,0.000106722
254,865.343,0.79403,0.58766,0.85763,0.91468,0.8051,0.91829,0.69238,0.84249,0.55282,0.84002,0.0001063,0.0001063,0.0001063
255,868.78,0.79763,0.58269,0.85696,0.90952,0.80502,0.91018,0.69044,0.85979,0.57382,0.84239,0.000105878,0.000105878,0.000105878
256,872.151,0.8,0.5826,0.85994,0.91701,0.80423,0.90968,0.68256,0.85789,0.58167,0.84314,0.000105456,0.000105456,0.000105456
257,875.685,0.79914,0.57069,0.85585,0.92896,0.80169,0.9097,0.68395,0.85417,0.56718,0.84497,0.000105035,0.000105035,0.000105035
258,879.139,0.80477,0.56623,0.85242,0.94153,0.79192,0.91219,0.69249,0.84973,0.56691,0.84332,0.000104613,0.000104613,0.000104613
259,882.577,0.82896,0.58176,0.85409,0.93466,0.78514,0.9182,0.70261,0.85489,0.57224,0.84426,0.000104191,0.000104191,0.000104191
260,885.935,0.80671,0.57959,0.85778,0.92905,0.79659,0.91493,0.69874,0.8519,0.57659,0.84399,0.000103769,0.000103769,0.000103769
261,889.285,0.81442,0.58562,0.85704,0.77707,0.88895,0.91653,0.69683,0.85874,0.56629,0.84669,0.000103348,0.000103348,0.000103348
262,892.628,0.80097,0.57964,0.85806,0.94534,0.79145,0.91433,0.68091,0.86883,0.56808,0.847,0.000102926,0.000102926,0.000102926
263,896.023,0.81798,0.57769,0.85896,0.79553,0.89483,0.91561,0.68909,0.85211,0.56171,0.84558,0.000102504,0.000102504,0.000102504
264,899.446,0.8007,0.57164,0.85104,0.80345,0.89226,0.90715,0.68432,0.85111,0.55302,0.84528,0.000102082,0.000102082,0.000102082
265,903.363,0.79688,0.57937,0.85034,0.80194,0.88852,0.92077,0.69386,0.85335,0.54724,0.84482,0.000101661,0.000101661,0.000101661
266,907.123,0.8126,0.57874,0.86128,0.8016,0.8865,0.93039,0.69838,0.85808,0.55605,0.84862,0.000101239,0.000101239,0.000101239
267,910.832,0.81685,0.59429,0.85424,0.94925,0.7973,0.91329,0.6871,0.86795,0.56808,0.84992,0.000100817,0.000100817,0.000100817
268,914.435,0.79521,0.57306,0.86144,0.92625,0.80452,0.91186,0.6823,0.86094,0.56689,0.84608,0.000100395,0.000100395,0.000100395
269,917.945,0.78757,0.56343,0.85815,0.75234,0.91658,0.91014,0.68788,0.87428,0.56447,0.84466,9.99737e-05,9.99737e-05,9.99737e-05
270,921.642,0.82522,0.58101,0.86276,0.76182,0.92256,0.91176,0.68212,0.88428,0.55909,0.84523,9.95519e-05,9.95519e-05,9.95519e-05
271,925.228,0.79969,0.57156,0.86099,0.75936,0.91315,0.9096,0.67996,0.89541,0.56702,0.84749,9.91302e-05,9.91302e-05,9.91302e-05
272,928.765,0.79147,0.57311,0.84796,0.7596,0.91326,0.92072,0.68739,0.87274,0.5607,0.84596,9.87085e-05,9.87085e-05,9.87085e-05
273,932.208,0.79414,0.56945,0.85519,0.92942,0.79832,0.92135,0.69307,0.86735,0.56072,0.84682,9.82867e-05,9.82867e-05,9.82867e-05
274,935.777,0.79854,0.57015,0.84648,0.78039,0.91249,0.92504,0.69091,0.87882,0.56535,0.8479,9.7865e-05,9.7865e-05,9.7865e-05
275,939.151,0.79658,0.56537,0.85326,0.78828,0.90851,0.92817,0.69535,0.86608,0.55146,0.84477,9.74432e-05,9.74432e-05,9.74432e-05
276,942.533,0.7997,0.57666,0.8611,0.79743,0.91238,0.93408,0.70485,0.85886,0.53758,0.84344,9.70215e-05,9.70215e-05,9.70215e-05
277,946.259,0.79382,0.56427,0.85619,0.81181,0.90473,0.92918,0.69683,0.86402,0.5437,0.84502,9.65998e-05,9.65998e-05,9.65998e-05
278,949.752,0.8151,0.57555,0.85122,0.81289,0.90674,0.928,0.69134,0.87182,0.53902,0.8464,9.6178e-05,9.6178e-05,9.6178e-05
279,953.122,0.7728,0.56597,0.86199,0.81045,0.91123,0.92923,0.69843,0.85606,0.53174,0.84568,9.57563e-05,9.57563e-05,9.57563e-05
280,956.596,0.80177,0.56229,0.85495,0.79926,0.91576,0.9355,0.69923,0.87351,0.54151,0.84536,9.53345e-05,9.53345e-05,9.53345e-05
281,960.057,0.78477,0.55834,0.85521,0.80532,0.91165,0.92923,0.69812,0.86705,0.53646,0.84465,9.49128e-05,9.49128e-05,9.49128e-05
282,963.741,0.79352,0.56569,0.84826,0.80451,0.91131,0.92809,0.69508,0.85892,0.53499,0.8452,9.44911e-05,9.44911e-05,9.44911e-05
283,967.465,0.78873,0.56335,0.85249,0.83166,0.87555,0.92991,0.69608,0.86335,0.53696,0.84491,9.40693e-05,9.40693e-05,9.40693e-05
284,971.077,0.76197,0.55026,0.85206,0.83798,0.87379,0.93275,0.70058,0.85107,0.53172,0.84369,9.36476e-05,9.36476e-05,9.36476e-05
285,974.835,0.80883,0.57134,0.8612,0.82636,0.87158,0.93252,0.70526,0.84719,0.53724,0.84432,9.32258e-05,9.32258e-05,9.32258e-05
286,978.501,0.80049,0.57664,0.85766,0.78205,0.92903,0.93288,0.70339,0.8522,0.54867,0.84387,9.28041e-05,9.28041e-05,9.28041e-05
287,982.262,0.772,0.55495,0.84403,0.76078,0.91626,0.91492,0.68906,0.85063,0.54256,0.84407,9.23824e-05,9.23824e-05,9.23824e-05
288,985.722,0.77404,0.56375,0.84745,0.76616,0.91699,0.91563,0.68896,0.86096,0.54002,0.84407,9.19606e-05,9.19606e-05,9.19606e-05
289,989.187,0.76314,0.54249,0.85452,0.77865,0.91073,0.91494,0.68634,0.85643,0.54387,0.84431,9.15389e-05,9.15389e-05,9.15389e-05
290,992.733,0.76043,0.55732,0.8519,0.78996,0.90839,0.9153,0.6898,0.85387,0.54384,0.84413,9.11171e-05,9.11171e-05,9.11171e-05
291,996.307,0.78607,0.5516,0.85772,0.79197,0.88936,0.93337,0.70823,0.85681,0.5492,0.84583,9.06954e-05,9.06954e-05,9.06954e-05
292,999.874,0.79114,0.57409,0.85341,0.79146,0.88847,0.93305,0.70171,0.85888,0.54945,0.84634,9.02737e-05,9.02737e-05,9.02737e-05
293,1003.32,0.79665,0.56758,0.8565,0.931,0.80342,0.9277,0.70005,0.85578,0.546,0.84697,8.98519e-05,8.98519e-05,8.98519e-05
294,1006.9,0.78265,0.56407,0.85087,0.9208,0.80531,0.92145,0.6909,0.86273,0.5535,0.84633,8.94302e-05,8.94302e-05,8.94302e-05
295,1010.62,0.77949,0.55322,0.85126,0.91754,0.80531,0.91411,0.68602,0.8631,0.55128,0.84702,8.90084e-05,8.90084e-05,8.90084e-05
296,1014.47,0.79277,0.55519,0.85208,0.92643,0.80551,0.91497,0.69504,0.85902,0.54556,0.84682,8.85867e-05,8.85867e-05,8.85867e-05
297,1017.97,0.77781,0.55618,0.85287,0.9359,0.80456,0.91948,0.69363,0.85678,0.54351,0.84668,8.8165e-05,8.8165e-05,8.8165e-05
298,1021.61,0.79835,0.56497,0.85367,0.94177,0.80341,0.92007,0.69625,0.8648,0.55154,0.84655,8.77432e-05,8.77432e-05,8.77432e-05
299,1025.08,0.77608,0.56979,0.85559,0.80559,0.89357,0.92136,0.7018,0.84761,0.54424,0.84406,8.73215e-05,8.73215e-05,8.73215e-05
300,1028.48,0.79256,0.55829,0.84675,0.80407,0.90444,0.91888,0.69649,0.84403,0.53743,0.84438,8.68997e-05,8.68997e-05,8.68997e-05
301,1031.87,0.77991,0.55687,0.84661,0.91584,0.80308,0.92654,0.6966,0.86264,0.54597,0.84583,8.6478e-05,8.6478e-05,8.6478e-05
302,1035.37,0.77867,0.56324,0.84868,0.79784,0.92993,0.93407,0.70083,0.85364,0.53703,0.84463,8.60563e-05,8.60563e-05,8.60563e-05
303,1038.79,0.803,0.56053,0.84722,0.95606,0.79957,0.93474,0.70198,0.85393,0.54577,0.84478,8.56345e-05,8.56345e-05,8.56345e-05
304,1042.22,0.78989,0.55862,0.86023,0.9549,0.7996,0.93438,0.70092,0.8558,0.55028,0.84591,8.52128e-05,8.52128e-05,8.52128e-05
305,1045.65,0.77716,0.55117,0.85289,0.95192,0.80086,0.93436,0.70204,0.84707,0.54221,0.84492,8.4791e-05,8.4791e-05,8.4791e-05
306,1049.09,0.77334,0.55343,0.85195,0.80646,0.89369,0.93443,0.70415,0.84593,0.5363,0.84371,8.43693e-05,8.43693e-05,8.43693e-05
307,1052.61,0.77755,0.559,0.85621,0.80655,0.90389,0.92396,0.6918,0.86522,0.54254,0.84407,8.39476e-05,8.39476e-05,8.39476e-05
308,1056.03,0.78061,0.56094,0.85321,0.81408,0.90811,0.93345,0.69851,0.85447,0.53743,0.84369,8.35258e-05,8.35258e-05,8.35258e-05
309,1059.45,0.77828,0.55079,0.85795,0.82199,0.89653,0.93509,0.70511,0.84908,0.53196,0.84471,8.31041e-05,8.31041e-05,8.31041e-05
310,1062.9,0.77554,0.54938,0.84854,0.81764,0.89208,0.93321,0.70429,0.86556,0.5465,0.84789,8.26823e-05,8.26823e-05,8.26823e-05
311,1066.45,0.7914,0.55558,0.8505,0.81293,0.89005,0.93394,0.70156,0.87502,0.55554,0.84911,8.22606e-05,8.22606e-05,8.22606e-05
312,1070.01,0.78518,0.56048,0.84873,0.80413,0.88751,0.93186,0.70489,0.85377,0.5494,0.84719,8.18389e-05,8.18389e-05,8.18389e-05
313,1073.5,0.77765,0.56496,0.85459,0.80566,0.89137,0.92211,0.69709,0.85171,0.54681,0.84524,8.14171e-05,8.14171e-05,8.14171e-05
314,1076.9,0.78868,0.55582,0.851,0.80185,0.89308,0.92242,0.6977,0.86338,0.56013,0.84634,8.09954e-05,8.09954e-05,8.09954e-05
315,1080.32,0.76342,0.53954,0.84974,0.80571,0.8876,0.92356,0.68793,0.88714,0.57208,0.84938,8.05736e-05,8.05736e-05,8.05736e-05
316,1083.65,0.79481,0.56456,0.85173,0.94395,0.80297,0.91896,0.69251,0.85704,0.56147,0.84715,8.01519e-05,8.01519e-05,8.01519e-05
317,1087.09,0.78071,0.55228,0.84812,0.79591,0.89541,0.92271,0.69479,0.8596,0.5525,0.84551,7.97302e-05,7.97302e-05,7.97302e-05
318,1090.55,0.78247,0.55162,0.8458,0.79752,0.89813,0.92357,0.69338,0.86553,0.55938,0.84575,7.93084e-05,7.93084e-05,7.93084e-05
319,1094.08,0.77056,0.54648,0.84615,0.79234,0.90077,0.92064,0.69295,0.86334,0.55559,0.84758,7.88867e-05,7.88867e-05,7.88867e-05
320,1097.48,0.77708,0.55658,0.84852,0.80557,0.89667,0.91962,0.68918,0.8544,0.55707,0.84612,7.84649e-05,7.84649e-05,7.84649e-05
321,1101.01,0.78031,0.57091,0.8625,0.81725,0.89519,0.9192,0.69279,0.84731,0.54295,0.84581,7.80432e-05,7.80432e-05,7.80432e-05
322,1104.47,0.76755,0.55042,0.84577,0.81518,0.8958,0.92074,0.69834,0.84974,0.53989,0.84575,7.76215e-05,7.76215e-05,7.76215e-05
323,1107.91,0.77231,0.54758,0.84549,0.82018,0.89451,0.92015,0.69282,0.84884,0.53738,0.84577,7.71997e-05,7.71997e-05,7.71997e-05
324,1111.28,0.76665,0.5468,0.84556,0.82346,0.89432,0.91948,0.69399,0.85182,0.54451,0.84599,7.6778e-05,7.6778e-05,7.6778e-05
325,1114.72,0.74591,0.53859,0.85002,0.82938,0.89357,0.92852,0.69978,0.85065,0.54229,0.84654,7.63562e-05,7.63562e-05,7.63562e-05
326,1118.16,0.75427,0.54638,0.85328,0.82601,0.89336,0.93164,0.70612,0.84463,0.54103,0.84709,7.59345e-05,7.59345e-05,7.59345e-05
327,1121.61,0.77786,0.54572,0.85229,0.82177,0.89422,0.92469,0.70115,0.85038,0.53704,0.84771,7.55128e-05,7.55128e-05,7.55128e-05
328,1125.07,0.77084,0.55083,0.84833,0.81066,0.89791,0.92964,0.69546,0.84884,0.53766,0.84582,7.5091e-05,7.5091e-05,7.5091e-05
329,1128.44,0.76557,0.54428,0.85053,0.80087,0.91138,0.92304,0.69333,0.84815,0.53693,0.84416,7.46693e-05,7.46693e-05,7.46693e-05
330,1131.84,0.75588,0.54095,0.84828,0.81411,0.91184,0.92306,0.69653,0.83524,0.53677,0.84277,7.42475e-05,7.42475e-05,7.42475e-05
331,1135.25,0.7755,0.55032,0.8522,0.83089,0.91309,0.92319,0.69782,0.84728,0.53742,0.84375,7.38258e-05,7.38258e-05,7.38258e-05
332,1138.59,0.77481,0.55591,0.85176,0.84508,0.90942,0.93539,0.70218,0.84537,0.53025,0.84464,7.34041e-05,7.34041e-05,7.34041e-05
333,1141.96,0.761,0.54358,0.84833,0.85427,0.90756,0.93501,0.70531,0.84355,0.52568,0.84433,7.29823e-05,7.29823e-05,7.29823e-05
334,1145.57,0.77468,0.55348,0.85048,0.85151,0.90311,0.94128,0.70562,0.8524,0.53085,0.84514,7.25606e-05,7.25606e-05,7.25606e-05
335,1148.99,0.77868,0.55427,0.85226,0.84701,0.90748,0.94076,0.70654,0.85121,0.53225,0.8447,7.21388e-05,7.21388e-05,7.21388e-05
336,1152.38,0.7648,0.54774,0.8565,0.84382,0.90962,0.9419,0.70819,0.84402,0.53067,0.84451,7.17171e-05,7.17171e-05,7.17171e-05
337,1155.88,0.75145,0.52652,0.84621,0.8428,0.9074,0.94341,0.71008,0.84157,0.5284,0.84394,7.12954e-05,7.12954e-05,7.12954e-05
338,1159.36,0.75821,0.54459,0.84605,0.84101,0.89987,0.9428,0.70954,0.85053,0.53483,0.84453,7.08736e-05,7.08736e-05,7.08736e-05
339,1162.77,0.76063,0.54138,0.84968,0.81585,0.9143,0.94176,0.71106,0.84812,0.53361,0.84404,7.04519e-05,7.04519e-05,7.04519e-05
340,1166.31,0.76872,0.55037,0.85638,0.81805,0.8992,0.9344,0.70578,0.85114,0.52992,0.84493,7.00301e-05,7.00301e-05,7.00301e-05
341,1169.9,0.77317,0.54683,0.84706,0.82452,0.89127,0.92904,0.69758,0.85671,0.53121,0.84598,6.96084e-05,6.96084e-05,6.96084e-05
342,1173.3,0.75927,0.53953,0.8481,0.82061,0.89092,0.92527,0.69479,0.85512,0.53799,0.8455,6.91867e-05,6.91867e-05,6.91867e-05
343,1176.82,0.76605,0.5402,0.8454,0.81208,0.89413,0.9255,0.69954,0.84664,0.52856,0.84449,6.87649e-05,6.87649e-05,6.87649e-05
344,1180.5,0.76317,0.54284,0.84774,0.81389,0.89545,0.92733,0.6945,0.86649,0.53449,0.84613,6.83432e-05,6.83432e-05,6.83432e-05
345,1184.06,0.75302,0.54163,0.85045,0.82195,0.8934,0.92287,0.69609,0.86193,0.5357,0.84611,6.79214e-05,6.79214e-05,6.79214e-05
346,1187.52,0.76445,0.54773,0.84424,0.83882,0.8877,0.92395,0.70209,0.85058,0.53379,0.84539,6.74997e-05,6.74997e-05,6.74997e-05
347,1191.11,0.78481,0.55098,0.85125,0.84132,0.88388,0.92196,0.6957,0.84636,0.52973,0.84563,6.7078e-05,6.7078e-05,6.7078e-05
348,1194.63,0.79053,0.55876,0.85351,0.84387,0.87985,0.92206,0.69907,0.84747,0.52923,0.84536,6.66562e-05,6.66562e-05,6.66562e-05
349,1198.01,0.74347,0.53621,0.83894,0.87788,0.87878,0.92729,0.70203,0.84284,0.53449,0.84526,6.62345e-05,6.62345e-05,6.62345e-05
350,1201.53,0.78192,0.55107,0.8519,0.8722,0.87786,0.92896,0.70611,0.84234,0.53726,0.84528,6.58127e-05,6.58127e-05,6.58127e-05
351,1205.14,0.76077,0.54984,0.86003,0.8244,0.87823,0.93031,0.70343,0.84185,0.5326,0.84394,6.5391e-05,6.5391e-05,6.5391e-05
352,1208.71,0.76527,0.53841,0.8568,0.80394,0.89172,0.9255,0.7002,0.84899,0.52971,0.84491,6.49693e-05,6.49693e-05,6.49693e-05
353,1212.35,0.7626,0.54441,0.85092,0.84272,0.85509,0.92444,0.692,0.85954,0.53679,0.84525,6.45475e-05,6.45475e-05,6.45475e-05
354,1216.02,0.77821,0.55475,0.84535,0.94572,0.80256,0.93696,0.69898,0.85568,0.53234,0.84477,6.41258e-05,6.41258e-05,6.41258e-05
355,1219.55,0.75241,0.53327,0.84815,0.84734,0.85784,0.93732,0.70391,0.8484,0.52811,0.84458,6.3704e-05,6.3704e-05,6.3704e-05
356,1223.02,0.7402,0.5212,0.85221,0.80091,0.89794,0.93767,0.69925,0.85297,0.52557,0.84566,6.32823e-05,6.32823e-05,6.32823e-05
357,1226.57,0.75582,0.53373,0.84678,0.8073,0.89696,0.9311,0.69983,0.86681,0.53595,0.84731,6.28606e-05,6.28606e-05,6.28606e-05
358,1230.14,0.77074,0.53967,0.85381,0.80415,0.89658,0.9318,0.69998,0.86802,0.54666,0.84806,6.24388e-05,6.24388e-05,6.24388e-05
359,1233.64,0.77519,0.54873,0.84867,0.81661,0.89218,0.93697,0.7052,0.84626,0.5389,0.84487,6.20171e-05,6.20171e-05,6.20171e-05
360,1237.08,0.74909,0.53068,0.84473,0.81022,0.8953,0.93035,0.70155,0.84465,0.53568,0.84484,6.15953e-05,6.15953e-05,6.15953e-05
361,1240.56,0.75168,0.54738,0.84791,0.80157,0.89644,0.92992,0.70598,0.84983,0.53817,0.84514,6.11736e-05,6.11736e-05,6.11736e-05
362,1244.03,0.75305,0.5254,0.85211,0.79874,0.89633,0.93413,0.70644,0.85593,0.54356,0.8453,6.07519e-05,6.07519e-05,6.07519e-05
363,1247.52,0.76488,0.53448,0.84568,0.85121,0.85354,0.93313,0.70552,0.85058,0.53997,0.84521,6.03301e-05,6.03301e-05,6.03301e-05
364,1251.03,0.73857,0.52499,0.84853,0.85669,0.85301,0.92583,0.69521,0.83912,0.53649,0.84511,5.99084e-05,5.99084e-05,5.99084e-05
365,1254.53,0.74446,0.52387,0.85056,0.85816,0.85306,0.92456,0.69877,0.84149,0.53579,0.84588,5.94866e-05,5.94866e-05,5.94866e-05
366,1258.07,0.77404,0.53262,0.84534,0.85875,0.85115,0.92368,0.69164,0.85041,0.53862,0.84612,5.90649e-05,5.90649e-05,5.90649e-05
367,1261.69,0.77853,0.53727,0.84823,0.86632,0.84863,0.9311,0.69914,0.84906,0.53043,0.84441,5.86432e-05,5.86432e-05,5.86432e-05
368,1265.23,0.76568,0.54581,0.8506,0.86246,0.84766,0.93068,0.69608,0.85206,0.53422,0.84567,5.82214e-05,5.82214e-05,5.82214e-05
369,1268.87,0.75089,0.53788,0.85394,0.85989,0.84809,0.93059,0.70392,0.85736,0.54398,0.84669,5.77997e-05,5.77997e-05,5.77997e-05
370,1272.29,0.7325,0.52346,0.84552,0.85733,0.84976,0.93176,0.70054,0.856,0.54623,0.84772,5.73779e-05,5.73779e-05,5.73779e-05
371,1275.96,0.74686,0.53637,0.84638,0.81483,0.89156,0.93204,0.69653,0.86554,0.54865,0.84802,5.69562e-05,5.69562e-05,5.69562e-05
372,1279.59,0.73808,0.52676,0.84709,0.81136,0.8925,0.93549,0.69983,0.85917,0.54195,0.84706,5.65345e-05,5.65345e-05,5.65345e-05
373,1283.1,0.73861,0.5197,0.84152,0.85462,0.85542,0.93656,0.69762,0.85694,0.53946,0.84604,5.61127e-05,5.61127e-05,5.61127e-05
374,1286.68,0.74051,0.52355,0.84524,0.85532,0.85392,0.93596,0.69899,0.85458,0.53811,0.84618,5.5691e-05,5.5691e-05,5.5691e-05
375,1290.26,0.75982,0.53439,0.84758,0.85633,0.85081,0.93582,0.69896,0.85675,0.54153,0.84579,5.52692e-05,5.52692e-05,5.52692e-05
376,1293.78,0.74284,0.52515,0.84998,0.85832,0.8486,0.93506,0.69636,0.84922,0.53913,0.84363,5.48475e-05,5.48475e-05,5.48475e-05
377,1297.28,0.7395,0.51698,0.84663,0.85925,0.84524,0.94163,0.70408,0.84784,0.53083,0.84345,5.44258e-05,5.44258e-05,5.44258e-05
378,1300.78,0.75133,0.53175,0.84676,0.89025,0.84348,0.93607,0.6986,0.84941,0.53377,0.84373,5.4004e-05,5.4004e-05,5.4004e-05
379,1304.32,0.74923,0.52011,0.84629,0.95483,0.79895,0.93723,0.70057,0.84978,0.5331,0.84451,5.35823e-05,5.35823e-05,5.35823e-05
380,1307.94,0.74231,0.53057,0.8486,0.95154,0.80136,0.93647,0.7047,0.84604,0.53448,0.84523,5.31605e-05,5.31605e-05,5.31605e-05
381,1311.78,0.74163,0.52225,0.84174,0.94926,0.80177,0.93643,0.70349,0.85099,0.53339,0.84525,5.27388e-05,5.27388e-05,5.27388e-05
382,1315.45,0.74348,0.52626,0.85657,0.88469,0.84817,0.93683,0.70583,0.84532,0.53173,0.84416,5.23171e-05,5.23171e-05,5.23171e-05
383,1319.2,0.74538,0.52427,0.85273,0.89325,0.84581,0.93659,0.70553,0.83899,0.52445,0.84294,5.18953e-05,5.18953e-05,5.18953e-05
384,1322.77,0.72959,0.52454,0.8486,0.89184,0.84559,0.93636,0.70416,0.8452,0.5272,0.84342,5.14736e-05,5.14736e-05,5.14736e-05
385,1326.47,0.7512,0.53138,0.84546,0.88684,0.8459,0.94253,0.70506,0.85306,0.52691,0.84505,5.10518e-05,5.10518e-05,5.10518e-05
386,1330.01,0.73898,0.52096,0.84824,0.88657,0.84548,0.94219,0.70908,0.84883,0.52384,0.8444,5.06301e-05,5.06301e-05,5.06301e-05
387,1333.59,0.73274,0.51875,0.84514,0.89069,0.84354,0.94166,0.71195,0.85758,0.52527,0.84654,5.02084e-05,5.02084e-05,5.02084e-05
388,1337.13,0.74659,0.52582,0.84253,0.81177,0.8901,0.93538,0.70163,0.86877,0.5304,0.84907,4.97866e-05,4.97866e-05,4.97866e-05
389,1340.78,0.73294,0.52099,0.85024,0.82192,0.8865,0.93515,0.70233,0.8685,0.53325,0.84908,4.93649e-05,4.93649e-05,4.93649e-05
390,1344.22,0.75005,0.5304,0.8496,0.83843,0.88475,0.93517,0.7019,0.85704,0.52465,0.84796,4.89431e-05,4.89431e-05,4.89431e-05
391,1347.91,0.75256,0.53137,0.8424,0.83819,0.88499,0.93528,0.69962,0.85397,0.52682,0.84677,4.85214e-05,4.85214e-05,4.85214e-05
392,1351.44,0.74692,0.53976,0.84183,0.82757,0.88679,0.92947,0.69786,0.85483,0.52965,0.84658,4.80997e-05,4.80997e-05,4.80997e-05
393,1354.9,0.74481,0.5223,0.84628,0.82562,0.88594,0.92975,0.69821,0.8556,0.53075,0.84675,4.76779e-05,4.76779e-05,4.76779e-05
394,1358.49,0.74356,0.5194,0.83806,0.8227,0.88668,0.92987,0.69465,0.85253,0.52387,0.84634,4.72562e-05,4.72562e-05,4.72562e-05
395,1362.35,0.74672,0.52164,0.845,0.81186,0.88949,0.92808,0.69648,0.85089,0.52696,0.84496,4.68344e-05,4.68344e-05,4.68344e-05
396,1365.95,0.72603,0.51541,0.8417,0.8573,0.84702,0.92092,0.69303,0.84412,0.52318,0.84373,4.64127e-05,4.64127e-05,4.64127e-05
397,1369.73,0.73455,0.51773,0.84864,0.89778,0.84281,0.92151,0.69765,0.84208,0.52246,0.84445,4.5991e-05,4.5991e-05,4.5991e-05
398,1373.56,0.72355,0.51399,0.84565,0.90634,0.84245,0.92927,0.69932,0.84682,0.52555,0.84513,4.55692e-05,4.55692e-05,4.55692e-05
399,1377.35,0.74371,0.51291,0.84579,0.9087,0.84226,0.92932,0.69663,0.85096,0.52929,0.84605,4.51475e-05,4.51475e-05,4.51475e-05
400,1380.92,0.73399,0.52205,0.84695,0.86899,0.84404,0.92962,0.70092,0.84975,0.52754,0.84515,4.47257e-05,4.47257e-05,4.47257e-05
401,1384.45,0.74373,0.51298,0.84859,0.86418,0.84863,0.93669,0.69809,0.84386,0.5236,0.84348,4.4304e-05,4.4304e-05,4.4304e-05
402,1387.93,0.74553,0.52686,0.83796,0.86423,0.85116,0.93641,0.70288,0.84627,0.52087,0.84353,4.38823e-05,4.38823e-05,4.38823e-05
403,1391.41,0.76806,0.52845,0.83969,0.86322,0.85073,0.93637,0.7014,0.84482,0.52134,0.84354,4.34605e-05,4.34605e-05,4.34605e-05
404,1394.97,0.7604,0.52827,0.84842,0.86455,0.85021,0.93637,0.70901,0.84309,0.51937,0.8428,4.30388e-05,4.30388e-05,4.30388e-05
405,1398.56,0.74376,0.53335,0.8463,0.86173,0.84916,0.93636,0.70619,0.84401,0.5195,0.84398,4.2617e-05,4.2617e-05,4.2617e-05
406,1402.05,0.74032,0.52816,0.84362,0.85505,0.85284,0.93082,0.70545,0.84499,0.5264,0.84516,4.21953e-05,4.21953e-05,4.21953e-05
407,1405.61,0.75645,0.53238,0.84106,0.81446,0.89143,0.93171,0.70688,0.84321,0.52787,0.84527,4.17736e-05,4.17736e-05,4.17736e-05
408,1409.34,0.7498,0.52777,0.84442,0.82232,0.89014,0.92988,0.70302,0.84321,0.52313,0.84447,4.13518e-05,4.13518e-05,4.13518e-05
409,1412.87,0.73776,0.53221,0.84441,0.82437,0.89069,0.93135,0.69873,0.84868,0.52518,0.84536,4.09301e-05,4.09301e-05,4.09301e-05
410,1416.39,0.73743,0.53273,0.84749,0.82621,0.89201,0.93115,0.69916,0.84623,0.52452,0.84508,4.05083e-05,4.05083e-05,4.05083e-05
411,1419.8,0.72524,0.51623,0.84565,0.83041,0.8899,0.93618,0.70223,0.84349,0.52244,0.84527,4.00866e-05,4.00866e-05,4.00866e-05
412,1423.2,0.74221,0.53039,0.84663,0.8301,0.88865,0.93582,0.70366,0.84751,0.52662,0.84545,3.96649e-05,3.96649e-05,3.96649e-05
413,1426.71,0.74196,0.52393,0.84302,0.80088,0.9007,0.93655,0.70341,0.84463,0.52588,0.84516,3.92431e-05,3.92431e-05,3.92431e-05
414,1430.1,0.73118,0.51885,0.84547,0.79914,0.89761,0.93638,0.7041,0.85155,0.52841,0.84571,3.88214e-05,3.88214e-05,3.88214e-05
415,1433.58,0.74291,0.52828,0.84707,0.80049,0.91717,0.93684,0.699,0.85675,0.53024,0.84606,3.83996e-05,3.83996e-05,3.83996e-05
416,1437.04,0.7406,0.52011,0.84557,0.79774,0.91484,0.9367,0.70016,0.85324,0.53294,0.84565,3.79779e-05,3.79779e-05,3.79779e-05
417,1440.37,0.73521,0.53381,0.84942,0.79768,0.91588,0.92962,0.69615,0.84779,0.52939,0.84501,3.75562e-05,3.75562e-05,3.75562e-05
418,1444.25,0.74151,0.51763,0.84612,0.79786,0.91681,0.92965,0.69673,0.84735,0.5296,0.84549,3.71344e-05,3.71344e-05,3.71344e-05
419,1447.75,0.73304,0.52154,0.84892,0.80368,0.92463,0.93553,0.70479,0.84986,0.52972,0.84536,3.67127e-05,3.67127e-05,3.67127e-05
420,1451.13,0.75475,0.52975,0.84353,0.80258,0.92654,0.93151,0.69637,0.84551,0.52813,0.84455,3.62909e-05,3.62909e-05,3.62909e-05
421,1454.6,0.72976,0.51687,0.84837,0.80094,0.92889,0.93279,0.70143,0.844,0.52537,0.84465,3.58692e-05,3.58692e-05,3.58692e-05
422,1458.15,0.7587,0.52983,0.83902,0.83321,0.88063,0.93157,0.69631,0.84281,0.52639,0.8441,3.54475e-05,3.54475e-05,3.54475e-05
423,1461.87,0.72931,0.52375,0.84285,0.83255,0.88143,0.93122,0.69612,0.85147,0.53814,0.84498,3.50257e-05,3.50257e-05,3.50257e-05
424,1465.33,0.77263,0.53584,0.84893,0.83238,0.88219,0.93236,0.70155,0.85897,0.54248,0.84579,3.4604e-05,3.4604e-05,3.4604e-05
425,1468.83,0.73172,0.51842,0.84842,0.83234,0.88355,0.93411,0.70496,0.85216,0.54103,0.84455,3.41822e-05,3.41822e-05,3.41822e-05
426,1472.3,0.7368,0.52068,0.84207,0.8318,0.88388,0.93425,0.70215,0.84627,0.53257,0.8426,3.37605e-05,3.37605e-05,3.37605e-05
427,1475.83,0.72494,0.50677,0.84115,0.83329,0.88308,0.94215,0.70694,0.84479,0.52866,0.84323,3.33388e-05,3.33388e-05,3.33388e-05
428,1479.25,0.73591,0.51908,0.84306,0.83312,0.88464,0.94283,0.70744,0.85088,0.53007,0.84431,3.2917e-05,3.2917e-05,3.2917e-05
429,1482.66,0.72624,0.50911,0.84887,0.83191,0.88642,0.94357,0.70382,0.8576,0.53087,0.84538,3.24953e-05,3.24953e-05,3.24953e-05
430,1486.05,0.71404,0.5065,0.84048,0.83489,0.88601,0.93696,0.71032,0.84788,0.52201,0.84525,3.20735e-05,3.20735e-05,3.20735e-05
431,1489.47,0.7204,0.50707,0.84311,0.83723,0.88574,0.94292,0.71458,0.84278,0.51531,0.84415,3.16518e-05,3.16518e-05,3.16518e-05
432,1492.97,0.73704,0.51352,0.84488,0.83904,0.8861,0.94283,0.71464,0.84371,0.51696,0.84451,3.12301e-05,3.12301e-05,3.12301e-05
433,1496.39,0.74425,0.51437,0.84523,0.8397,0.88625,0.94281,0.70988,0.84435,0.51653,0.84503,3.08083e-05,3.08083e-05,3.08083e-05
434,1499.8,0.7458,0.52436,0.84952,0.83901,0.88799,0.94353,0.71994,0.83974,0.51354,0.84433,3.03866e-05,3.03866e-05,3.03866e-05
435,1503.24,0.7289,0.5054,0.84405,0.83198,0.88953,0.93678,0.71223,0.83923,0.51387,0.84359,2.99648e-05,2.99648e-05,2.99648e-05
436,1506.67,0.76333,0.52384,0.84564,0.83116,0.8894,0.94294,0.71685,0.84192,0.5147,0.84377,2.95431e-05,2.95431e-05,2.95431e-05
437,1510.33,0.72235,0.51562,0.84026,0.83204,0.88814,0.94277,0.71671,0.83846,0.52057,0.84357,2.91214e-05,2.91214e-05,2.91214e-05
438,1514.03,0.74311,0.52432,0.84409,0.8337,0.88543,0.94189,0.71621,0.83939,0.51887,0.84351,2.86996e-05,2.86996e-05,2.86996e-05
439,1517.57,0.72848,0.51202,0.84804,0.83631,0.88228,0.94134,0.71284,0.84054,0.52017,0.84424,2.82779e-05,2.82779e-05,2.82779e-05
440,1521.19,0.72744,0.50828,0.83561,0.83629,0.88164,0.94216,0.71054,0.84491,0.52082,0.84448,2.78561e-05,2.78561e-05,2.78561e-05
441,1524.83,0.73122,0.52098,0.84815,0.83266,0.88338,0.94204,0.70689,0.85753,0.52334,0.84537,2.74344e-05,2.74344e-05,2.74344e-05
442,1528.45,0.73356,0.51908,0.84409,0.83089,0.88654,0.94151,0.7093,0.85379,0.52554,0.8451,2.70127e-05,2.70127e-05,2.70127e-05
443,1531.95,0.71819,0.51774,0.84653,0.88132,0.84417,0.94189,0.71407,0.84077,0.52334,0.84376,2.65909e-05,2.65909e-05,2.65909e-05
444,1535.45,0.74094,0.52558,0.84535,0.88173,0.84741,0.94237,0.71507,0.83601,0.52076,0.84353,2.61692e-05,2.61692e-05,2.61692e-05
445,1538.98,0.71922,0.51401,0.8444,0.87879,0.84999,0.94213,0.71335,0.83884,0.52327,0.84486,2.57474e-05,2.57474e-05,2.57474e-05
446,1542.71,0.71991,0.50611,0.8428,0.8764,0.85229,0.942,0.70977,0.84794,0.52352,0.84582,2.53257e-05,2.53257e-05,2.53257e-05
447,1546.37,0.73596,0.51419,0.84507,0.87702,0.85354,0.94285,0.71196,0.84844,0.52293,0.84553,2.4904e-05,2.4904e-05,2.4904e-05
448,1549.99,0.73458,0.5177,0.83923,0.87644,0.85329,0.94262,0.71261,0.84151,0.51791,0.84495,2.44822e-05,2.44822e-05,2.44822e-05
449,1553.65,0.71405,0.5095,0.84427,0.82663,0.89402,0.94248,0.71468,0.84102,0.51562,0.84506,2.40605e-05,2.40605e-05,2.40605e-05
450,1557.62,0.74354,0.52833,0.84616,0.83304,0.89168,0.9426,0.71246,0.84161,0.51351,0.84478,2.36387e-05,2.36387e-05,2.36387e-05
451,1561.37,0.73565,0.51877,0.84085,0.83726,0.88879,0.9422,0.71142,0.84829,0.51735,0.84581,2.3217e-05,2.3217e-05,2.3217e-05
452,1564.94,0.74152,0.52485,0.84406,0.84031,0.88516,0.94205,0.70505,0.85358,0.51871,0.84639,2.27953e-05,2.27953e-05,2.27953e-05
453,1568.53,0.72006,0.50659,0.83714,0.8427,0.88243,0.94211,0.70857,0.8506,0.52061,0.84623,2.23735e-05,2.23735e-05,2.23735e-05
454,1572.14,0.75286,0.51326,0.83946,0.84001,0.88234,0.9424,0.71228,0.84411,0.51979,0.84617,2.19518e-05,2.19518e-05,2.19518e-05
455,1575.62,0.71693,0.51171,0.84668,0.83562,0.88406,0.9423,0.71182,0.84284,0.51826,0.84602,2.153e-05,2.153e-05,2.153e-05
456,1579.13,0.70732,0.50896,0.84069,0.83159,0.88501,0.9421,0.70676,0.84487,0.52271,0.84609,2.11083e-05,2.11083e-05,2.11083e-05
457,1582.53,0.73989,0.5188,0.84085,0.88335,0.84158,0.94213,0.70809,0.84596,0.52358,0.84542,2.06866e-05,2.06866e-05,2.06866e-05
458,1586.01,0.72641,0.50956,0.83878,0.88576,0.84188,0.94181,0.70871,0.84544,0.52327,0.84533,2.02648e-05,2.02648e-05,2.02648e-05
459,1589.46,0.71451,0.50429,0.83567,0.88588,0.84213,0.94179,0.70729,0.84365,0.52122,0.84476,1.98431e-05,1.98431e-05,1.98431e-05
460,1592.92,0.74718,0.5326,0.835,0.92315,0.8411,0.94174,0.70583,0.84305,0.52102,0.84495,1.94213e-05,1.94213e-05,1.94213e-05
461,1596.38,0.70758,0.51319,0.84723,0.92395,0.84116,0.94182,0.70848,0.84263,0.52182,0.84472,1.89996e-05,1.89996e-05,1.89996e-05
462,1600.07,0.71855,0.50628,0.84123,0.92552,0.8411,0.94193,0.7065,0.83996,0.5207,0.84372,1.85779e-05,1.85779e-05,1.85779e-05
463,1603.75,0.73186,0.51578,0.84641,0.92686,0.8411,0.94197,0.70726,0.83898,0.51907,0.84333,1.81561e-05,1.81561e-05,1.81561e-05
464,1607.37,0.69854,0.50818,0.83468,0.92737,0.84105,0.9419,0.70844,0.8395,0.51974,0.8432,1.77344e-05,1.77344e-05,1.77344e-05
465,1610.87,0.72157,0.50093,0.84381,0.9265,0.84108,0.94194,0.70453,0.8426,0.51983,0.84404,1.73126e-05,1.73126e-05,1.73126e-05
466,1614.26,0.72272,0.51178,0.84473,0.92393,0.84132,0.94174,0.70217,0.84749,0.52286,0.84535,1.68909e-05,1.68909e-05,1.68909e-05
467,1617.8,0.72423,0.51025,0.84442,0.92294,0.84136,0.94175,0.70275,0.84526,0.52238,0.84485,1.64692e-05,1.64692e-05,1.64692e-05
468,1621.31,0.7123,0.50435,0.84098,0.92181,0.84155,0.94207,0.70544,0.84131,0.52047,0.84435,1.60474e-05,1.60474e-05,1.60474e-05
469,1624.81,0.73221,0.50785,0.84878,0.92176,0.84161,0.94176,0.71041,0.83857,0.51533,0.84384,1.56257e-05,1.56257e-05,1.56257e-05
470,1628.28,0.71283,0.50505,0.84178,0.9223,0.8416,0.94114,0.71327,0.83651,0.51631,0.8437,1.52039e-05,1.52039e-05,1.52039e-05
471,1632,0.7189,0.50521,0.84463,0.92087,0.84179,0.94115,0.70953,0.8387,0.51949,0.84407,1.47822e-05,1.47822e-05,1.47822e-05
472,1635.48,0.72403,0.50537,0.84751,0.92084,0.84178,0.94132,0.70931,0.84368,0.52241,0.84474,1.43605e-05,1.43605e-05,1.43605e-05
473,1638.9,0.72218,0.50861,0.84115,0.92161,0.84181,0.9419,0.70756,0.84647,0.52192,0.84519,1.39387e-05,1.39387e-05,1.39387e-05
474,1642.41,0.74142,0.51828,0.84323,0.92474,0.84178,0.94184,0.70687,0.84212,0.52227,0.84489,1.3517e-05,1.3517e-05,1.3517e-05
475,1645.8,0.73382,0.52113,0.84539,0.92735,0.84154,0.94204,0.71333,0.83782,0.51971,0.84434,1.30952e-05,1.30952e-05,1.30952e-05
476,1649.14,0.72874,0.52389,0.83843,0.9275,0.8414,0.94198,0.71088,0.83692,0.51879,0.84414,1.26735e-05,1.26735e-05,1.26735e-05
477,1652.68,0.70483,0.49964,0.84593,0.92451,0.84175,0.94169,0.71111,0.83717,0.51812,0.84424,1.22518e-05,1.22518e-05,1.22518e-05
478,1656.15,0.71789,0.51134,0.84063,0.921,0.8419,0.94163,0.7067,0.84095,0.51919,0.84477,1.183e-05,1.183e-05,1.183e-05
479,1659.71,0.72508,0.50644,0.83872,0.91591,0.84212,0.94153,0.70883,0.84431,0.51827,0.84527,1.14083e-05,1.14083e-05,1.14083e-05
480,1663.22,0.70654,0.49479,0.84081,0.91342,0.84224,0.94172,0.70837,0.84501,0.52171,0.84504,1.09865e-05,1.09865e-05,1.09865e-05
481,1666.77,0.72009,0.50001,0.84577,0.91256,0.84225,0.93554,0.70333,0.84204,0.51908,0.84515,1.05648e-05,1.05648e-05,1.05648e-05
482,1670.22,0.71587,0.50233,0.84427,0.91244,0.84212,0.93558,0.70517,0.84111,0.51998,0.84501,1.01431e-05,1.01431e-05,1.01431e-05
483,1673.67,0.7287,0.51229,0.8476,0.91091,0.84213,0.94165,0.70718,0.84231,0.5195,0.84483,9.72132e-06,9.72132e-06,9.72132e-06
484,1677.2,0.73398,0.50513,0.84113,0.91173,0.84216,0.94164,0.70726,0.8428,0.51945,0.84528,9.29958e-06,9.29958e-06,9.29958e-06
485,1680.78,0.71924,0.51012,0.84513,0.91398,0.84174,0.94161,0.70322,0.84595,0.52041,0.84528,8.87784e-06,8.87784e-06,8.87784e-06
486,1684.29,0.69865,0.49521,0.83987,0.91446,0.84174,0.94162,0.70251,0.84516,0.52219,0.84524,8.4561e-06,8.4561e-06,8.4561e-06
487,1687.78,0.71994,0.50121,0.84044,0.91778,0.84174,0.94182,0.70226,0.8432,0.52123,0.84531,8.03436e-06,8.03436e-06,8.03436e-06
488,1691.43,0.72341,0.5136,0.84063,0.88291,0.84257,0.94173,0.70907,0.84281,0.52165,0.84515,7.61262e-06,7.61262e-06,7.61262e-06
489,1694.94,0.7431,0.51738,0.84385,0.8846,0.84215,0.94172,0.70692,0.84157,0.51871,0.84546,7.19088e-06,7.19088e-06,7.19088e-06
490,1698.51,0.71169,0.50242,0.83988,0.92181,0.84174,0.94175,0.70799,0.84216,0.52013,0.84577,6.76914e-06,6.76914e-06,6.76914e-06
491,1702.01,0.88191,0.6771,0.873,0.9177,0.84198,0.94167,0.7106,0.84916,0.5288,0.84588,6.3474e-06,6.3474e-06,6.3474e-06
492,1705.21,0.86886,0.67057,0.88447,0.9214,0.84227,0.93519,0.70442,0.85469,0.54206,0.84471,5.92566e-06,5.92566e-06,5.92566e-06
493,1708.37,0.85757,0.66749,0.87656,0.90951,0.84318,0.93645,0.70838,0.862,0.55041,0.84541,5.50392e-06,5.50392e-06,5.50392e-06
494,1711.9,0.82865,0.63561,0.86305,0.79256,0.90826,0.93282,0.70274,0.86867,0.55696,0.84704,5.08218e-06,5.08218e-06,5.08218e-06
495,1715.3,0.8458,0.64987,0.87006,0.78812,0.90539,0.92194,0.6911,0.87359,0.56523,0.84797,4.66044e-06,4.66044e-06,4.66044e-06
496,1718.53,0.82271,0.64304,0.86721,0.78933,0.86821,0.91813,0.68736,0.87799,0.56858,0.84926,4.2387e-06,4.2387e-06,4.2387e-06
497,1721.73,0.81402,0.62532,0.86687,0.78716,0.86788,0.91795,0.68437,0.87805,0.56924,0.84967,3.81696e-06,3.81696e-06,3.81696e-06
498,1724.96,0.82666,0.61171,0.86053,0.83637,0.86672,0.91378,0.6802,0.88045,0.57141,0.85015,3.39522e-06,3.39522e-06,3.39522e-06
499,1728.34,0.82076,0.64295,0.8683,0.92878,0.80166,0.91354,0.68103,0.88051,0.57524,0.8514,2.97348e-06,2.97348e-06,2.97348e-06
500,1731.65,0.78489,0.58913,0.86084,0.93113,0.80158,0.91122,0.67952,0.87968,0.57738,0.85105,2.55174e-06,2.55174e-06,2.55174e-06
